.Random.seed <-
c(403L, 624L, -1737912144L, -107885327L, 236607998L, -72747417L, 
520391548L, -1657471411L, -1834578774L, 1898792483L, 871624968L, 
-291673239L, 2112641046L, 785491871L, -888844972L, 629157957L, 
-1168168894L, 998282971L, -998445984L, -1670764319L, -839440082L, 
-1523494953L, 425843244L, 630976829L, -94550310L, -2145071469L, 
1250550456L, -1817844391L, -1915278010L, -1344155889L, 509972996L, 
298066229L, 1358121074L, 1978715467L, 2039231504L, -1476755247L, 
-1124809634L, -2108160697L, -569912100L, 116432941L, 1728023818L, 
30896899L, -580829080L, 2005785417L, -872133002L, -437988737L, 
-1989410124L, -1974120923L, 1768715426L, 1650958267L, -1345165376L, 
-494807871L, -830067826L, 1563760311L, 1818327948L, 954338077L, 
313548602L, 1263285107L, 1578437144L, 1920224569L, -599344218L, 
-1210994193L, -1964794012L, 1724036885L, -464671534L, 1892421163L, 
-1102411920L, -1308678991L, -1562485058L, 362775591L, -291910084L, 
-1361104371L, -1873625750L, -2092298269L, -184533048L, 1949842217L, 
657552598L, 1516203359L, -1537775596L, 1918589957L, -1831210750L, 
-1698359141L, 179278624L, 204566689L, -1225761298L, 288247191L, 
1771818220L, 1209472253L, -74864742L, 307759187L, 826139000L, 
1954063641L, 169310726L, -1073412913L, 168975556L, 1546534133L, 
1729380658L, -742801653L, -1183020336L, 1721219217L, -1804654306L, 
-1422363897L, 1829926812L, -1082608659L, 683154890L, 314383555L, 
-1196888280L, 1653902089L, 118213430L, 150566975L, 1394572660L, 
-1492493851L, -1547723422L, 2026963323L, 1575775872L, -1502544767L, 
30261326L, -1529547657L, -1016541620L, -1682764067L, -721346566L, 
-1065333453L, -136550184L, 363523321L, -186554266L, -214710353L, 
692701732L, -1719749931L, 207553938L, -1057890325L, -1443217872L, 
280771697L, 842998654L, -1797598745L, 566874364L, 523576781L, 
-699945430L, -379020893L, -768389496L, 1016777449L, 791368086L, 
1248523039L, -115588396L, 769279941L, 355826114L, 751000155L, 
509671904L, 976779361L, -172600658L, 1474366295L, -668958804L, 
942536893L, 1261357146L, 1560085011L, 1372102712L, 1308828889L, 
-969111866L, 1477835407L, -1579030652L, 36444341L, 323353074L, 
-156471093L, -1164205680L, -144396207L, -387559970L, -2143379257L, 
-2129143204L, 1888257965L, -887525750L, 1552189059L, 1467440616L, 
2017655497L, -1356331018L, 1399578111L, 631617588L, 1212360101L, 
1817413154L, -2100026565L, -1394264768L, 1283449921L, -1522395890L, 
-972385737L, -1306861300L, -570436963L, -1775591238L, 184952563L, 
1255835544L, -1854321479L, -205466330L, -782000785L, 1496495332L, 
-1246859627L, -958325166L, -819891797L, 37270768L, 1569264689L, 
-251877314L, 1998315431L, -1420520516L, 301390221L, -985309462L, 
-582425757L, -900915896L, 126163625L, -493228458L, 884226271L, 
-1810637420L, 1941762949L, 976339586L, -482649061L, 1448157344L, 
1581203489L, -284620946L, -418805481L, 128971372L, 161520765L, 
2047650074L, 164871123L, 1525292792L, -804952935L, 1057379206L, 
500478031L, 1620324932L, 259896437L, 2118677170L, 1082712715L, 
-2086045616L, -2111739887L, 1327116958L, -550859129L, 1826094364L, 
502012781L, 249790282L, -118640573L, 411864232L, 1482238601L, 
1897465014L, -621018177L, 733917940L, 1774170469L, 468201186L, 
1378944251L, 1400683520L, -328299519L, 2107845070L, 244707319L, 
993506252L, -209168803L, 1189929338L, -1264729933L, 1708090968L, 
1973382265L, -1247477274L, -668912849L, -178364508L, -1491998123L, 
-1668024558L, -585448597L, 767945648L, -1608143887L, -740889346L, 
2049092967L, 1039799932L, 1793346893L, 2114703274L, 1487596835L, 
-1676825592L, 1421290089L, 1312639766L, 251346591L, -116652L, 
532897605L, -1165046974L, 1877810651L, -918550688L, 1879427041L, 
-945259474L, -328743209L, 1527391532L, -1875967939L, -656193062L, 
-2103691885L, -1151181384L, 1782539353L, -1321934778L, 1996563983L, 
-2132198140L, 1340280885L, -1864651918L, -753986485L, -614068464L, 
-292692015L, 466278238L, 1706835015L, 1125310428L, -1957204179L, 
1960202250L, -1044866557L, 447249256L, 1654069833L, -1180778122L, 
1969875327L, 1344957876L, -952107739L, -885155934L, 2024253115L, 
-931986752L, 1576858561L, 263257742L, -1942549065L, 561989260L, 
-1878222307L, -1744313798L, 117906035L, 393938200L, 299715641L, 
-682758490L, 1294764271L, -1735603612L, 426321429L, -701001774L, 
-325200597L, 1398923888L, -1605237839L, -1886522946L, 464468775L, 
1283086652L, -843218675L, -514129814L, 357480163L, -969606456L, 
1676737065L, 1054173142L, -1895824289L, -2019863788L, -844264699L, 
252482562L, 1150853019L, 1307422240L, 659296161L, 1683271918L, 
1438368919L, -185657364L, 1603871741L, 2020780698L, -250187949L, 
-1578017672L, 1282483225L, 428354822L, -1990501425L, -39778364L, 
1327246325L, -205544398L, -1879112181L, 1217488336L, -462809199L, 
1673018398L, 1907599879L, -695696740L, 1015972589L, 1035067594L, 
1353008067L, 1015753256L, -1229141495L, -1250345418L, -1200255169L, 
1034479732L, -595326747L, 1393803362L, 1207437435L, 1116211584L, 
954932097L, -1607756978L, 212724599L, -407791284L, 659332573L, 
-96754950L, 201471027L, -291675176L, 1978854393L, -1250190490L, 
910532271L, -1652689628L, 2020876757L, 2089543826L, -1083529493L, 
1506580784L, -439477391L, -1730038146L, -1719564057L, 160783356L, 
-1639811891L, -1879903958L, -1930149725L, -2021455480L, 888310249L, 
1092764822L, 713198111L, 900410836L, -650414395L, 1886067906L, 
-1828855461L, 2065306848L, -70117535L, 1775084974L, -792362409L, 
-1205941588L, -878770243L, 695913306L, 1057122579L, -44623048L, 
1717216217L, 885012934L, 983781775L, -1854172540L, 1491666869L, 
263478514L, 421050315L, 300645520L, -881455279L, -73244450L, 
550557639L, -1174870692L, 1968264877L, 1781936522L, -9196157L, 
485791976L, 881473993L, 1365801718L, -102828801L, 1593451316L, 
-448015195L, 1277864226L, -773707205L, -1199845312L, -721878207L, 
869459982L, 498764087L, -795956212L, -318217827L, -1639439430L, 
-1924198925L, 972456600L, 1906330553L, 1827538982L, 1496085615L, 
519167972L, -269296235L, 1481703762L, -683591509L, -406450192L, 
-1202064591L, 613563198L, -245786969L, 1745559228L, 3352717L, 
-359423510L, -111441309L, -558376888L, -2021926487L, -1578901162L, 
390254559L, -722614124L, 1580016261L, -680893054L, 1289544475L, 
-1484440672L, 626515745L, 1020484206L, -884670441L, 1197030764L, 
-402609283L, 2092674074L, 371204819L, 2085853688L, 1740366745L, 
2140997254L, 815335247L, -1221010108L, 2030674805L, 226088370L, 
-803460725L, 1043616592L, -881735919L, 2018067870L, 1356055943L, 
1076103196L, 962587245L, -1155317174L, -404498621L, 447006632L, 
2076141961L, 975992758L, 1332091583L, -555868684L, -581476251L, 
256004578L, -400159749L, -519153920L, 1239853825L, -1889076018L, 
219997943L, -556368180L, -721427107L, 1961714810L, 346924979L, 
138830168L, -1801098375L, -630901530L, 1000409647L, -139949404L, 
1805998421L, -230237678L, 1977715307L, 1678657200L, 531991281L, 
660570110L, -520657817L, 446407036L, -682648499L, 301798058L, 
1413780515L, -1970051320L, -615716503L, 1843019286L, 1258345887L, 
-266132652L, 943885893L, -53842366L, 603301083L, -370204064L, 
-1684183327L, 36032302L, 1929002455L, 90075180L, -2005004483L, 
-1024111398L, -533750637L, -1918445384L, -1068178599L, 920556358L, 
-788759281L, -1449596924L, 2067660597L, -707785102L, -691446965L, 
-1809061360L, -870498607L, 778889822L, -1619233977L, 2076830428L, 
1283079725L, -1321659638L, -474627837L, 1415296616L, -333686455L, 
-595250058L, -1899298689L, -1475028812L, -2140754907L, -1256539486L, 
478391739L, 855612864L, 1869877953L, 933745038L, -392887113L, 
-716631668L, -1829557987L, 787178810L, -337772173L, 676134936L, 
784485177L, -1700716122L, 593715183L, -1033767580L, -1756654315L, 
-1825738030L, -1660183509L, -177914512L, -475995471L, 1443464382L, 
-434441689L, -1811487684L, -950546419L, -420527254L, 1466916323L, 
165000648L, 1881520425L, 1908759254L, 2071763807L, -771015148L, 
54245893L, 1498101506L, -1979177317L, 420989216L, 375565985L, 
-1635449874L, -1247462505L, 351167212L, 1087845117L, 216509850L, 
-957295021L, 1611716472L, -1612340455L, 1464131590L, 1099805391L, 
